145 370 4
116 330 4
389 191 4
12 344 3
165 303 3.2
79 312 3.33333
92 176 3.42857
183 212 3.5
283 145 3.55556
34 315 3.2
226 126 3.27273
227 76 3.33333
117 292 3.38462
329 278 3.42857
369 21 3.2
46 395 3
34 285 3.05882
82 183 3.11111
264 359 3.15789
324 132 3.2
318 4 3.04762
344 345 2.90909
195 330 2.95652
28 381 2.83333
360 257 2.88
369 247 2.92308
120 56 2.96296
107 375 3
64 375 2.89655
141 376 2.93333
316 191 2.96774
390 395 2.875
249 200 2.90909
283 134 2.94118
377 250 2.97143
139 311 3
172 258 3.02703
212 125 3.05263
277 256 3.07692
168 367 3.1
154 155 3.12195
5 306 3.04762
96 389 2.97674
265 311 3
379 1 2.93333
112 185 2.95652
70 96 2.97872
16 111 2.91667
218 263 2.93878
28 109 2.96
271 152 2.98039
373 246 3
220 240 3.01887
120 390 2.96296
192 145 2.98182
37 125 3
280 159 3.01754
306 319 3.03448
118 298 3.05085
192 38 3.06667
171 45 3.08197
31 278 3.09677
233 121 3.11111
392 254 3.125
215 381 3.13846
89 280 3.15152
135 267 3.16418
116 388 3.11765
46 294 3.13043
282 112 3.14286
0 78 3.09859
13 243 3.11111
378 93 3.06849
195 123 3.08108
70 175 3.09333
317 130 3.10526
166 350 3.11688
161 18 3.12821
383 169 3.13924
107 89 3.15
122 388 3.11111
204 231 3.12195
147 354 3.13253
99 60 3.14286
370 297 3.15294
23 280 3.16279
238 278 3.17241
234 168 3.18182
254 230 3.19101
78 393 3.15556
211 181 3.16484
314 261 3.17391
52 223 3.1828
92 197 3.19149
317 330 3.2
345 253 3.20833
52 28 3.17526
100 165 3.18367
123 262 3.19192
340 311 3.2
171 179 3.20792
257 114 3.21569
182 256 3.2233
165 63 3.23077
254 249 3.2381
130 144 3.24528
330 257 3.25234
72 41 3.22222
239 299 3.22936
14 355 3.2
326 99 3.20721
119 68 3.21429
81 13 3.18584
1 170 3.15789
349 177 3.16522
91 185 3.17241
342 60 3.17949
72 47 3.18644
301 396 3.15966
198 298 3.16667
75 153 3.17355
291 20 3.14754
240 360 3.15447
364 330 3.12903
334 398 3.104
42 231 3.11111
297 280 3.11811
303 13 3.09375
304 73 3.10078
347 252 3.10769
178 258 3.1145
58 295 3.12121
5 170 3.12782
322 228 3.13433
33 333 3.11111
251 32 3.11765
289 212 3.12409
153 386 3.13043
96 343 3.13669
177 325 3.14286
234 368 3.14894
227 324 3.15493
15 291 3.13287
246 158 3.13889
127 229 3.14483
127 178 3.15068
369 382 3.12925
260 204 3.13514
81 42 3.14094
60 181 3.14667
382 203 3.15232
322 187 3.15789
45 21 3.13725
149 241 3.14286
364 34 3.12258
116 342 3.12821
104 153 3.13376
200 148 3.13924
55 65 3.14465
117 192 3.15
82 291 3.15528
143 132 3.16049
364 173 3.16564
192 368 3.17073
55 11 3.15152
298 241 3.15663
218 296 3.16168
220 116 3.16667
210 5 3.1716
253 126 3.17647
134 305 3.18129
101 312 3.18605
98 39 3.19075
241 378 3.1954
108 319 3.2
7 362 3.18182
149 112 3.18644
104 343 3.19101
265 44 3.19553
102 191 3.2
48 376 3.18232
294 293 3.18681
235 170 3.19126
8 145 3.19565
1 16 3.17838
62 120 3.1828
98 61 3.18717
129 357 3.19149
337 94 3.19577
19 195 3.2
313 128 3.20419
69 130 3.20833
206 339 3.21244
43 223 3.21649
46 270 3.22051
169 97 3.22449
166 24 3.22843
135 340 3.23232
300 161 3.23618
371 233 3.24
159 4 3.22388
228 148 3.22772
313 80 3.23153
200 232 3.23529
331 309 3.23902
100 328 3.24272
51 284 3.24638
379 44 3.23077
378 180 3.23445
368 243 3.2381
113 299 3.24171
271 81 3.24528
288 234 3.24883
28 398 3.23364
127 363 3.23721
67 262 3.24074
192 185 3.24424
80 306 3.24771
256 8 3.23288
246 162 3.23636
376 87 3.22172
349 23 3.20721
156 236 3.21076
219 228 3.21429
109 328 3.21778
345 106 3.22124
142 60 3.22467
365 81 3.21053
341 46 3.19651
25 183 3.2
145 27 3.20346
270 16 3.2069
74 2 3.19313
125 330 3.19658
340 255 3.2
314 114 3.20339
150 231 3.20675
223 356 3.21008
15 13 3.19665
6 132 3.18333
182 224 3.18672
116 79 3.19008
241 201 3.19342
99 148 3.19672
341 112 3.2
169 52 3.20325
188 137 3.20648
332 78 3.20968
107 310 3.21285
49 59 3.2
280 167 3.20319
10 371 3.19048
344 307 3.19368
298 111 3.19685
393 4 3.18431
163 61 3.1875
229 370 3.19066
264 340 3.1938
311 196 3.19691
101 388 3.18462
286 311 3.18774
301 78 3.19084
12 217 3.19392
55 159 3.19697
241 297 3.2
299 219 3.20301
307 366 3.20599
309 215 3.20896
387 227 3.2119
117 250 3.21481
220 162 3.21771
387 101 3.20588
301 86 3.20879
330 368 3.19708
56 99 3.2
211 195 3.2029
95 98 3.20578
42 61 3.19424
313 217 3.19713
220 335 3.2
217 289 3.20285
336 244 3.20567
164 337 3.20848
338 73 3.21127
41 22 3.2
32 222 3.2028
263 238 3.20557
77 364 3.19444
344 377 3.18339
392 251 3.18621
382 77 3.17526
181 225 3.17808
222 300 3.18089
28 1 3.17007
9 199 3.17288
5 90 3.16216
358 245 3.16498
351 369 3.15436
30 73 3.14381
102 278 3.14667
251 395 3.13621
350 172 3.13907
304 298 3.14191
346 69 3.14474
103 211 3.14754
185 266 3.15033
385 88 3.14007
267 380 3.14286
126 320 3.14563
239 84 3.14839
168 3 3.15113
393 30 3.14103
293 374 3.14377
23 192 3.1465
214 294 3.14921
294 387 3.13924
225 113 3.14196
30 38 3.13208
116 383 3.12226
383 319 3.1125
331 48 3.1028
140 276 3.10559
96 281 3.10836
60 273 3.11111
285 394 3.10154
269 388 3.09202
90 20 3.08257
359 297 3.08537
386 216 3.08815
279 163 3.09091
68 16 3.08157
278 354 3.08434
199 386 3.08709
332 257 3.08982
268 142 3.09254
67 147 3.09524
158 40 3.09792
29 25 3.08876
164 164 3.09145
298 45 3.09412
287 284 3.09677
129 52 3.09942
53 307 3.10204
31 176 3.10465
79 327 3.10725
144 170 3.10983
367 171 3.11239
66 258 3.11494
373 193 3.11748
341 105 3.12
225 218 3.12251
282 321 3.125
157 257 3.12748
305 194 3.12994
313 367 3.12113
275 319 3.1236
73 301 3.12605
185 47 3.12849
361 377 3.11978
293 109 3.12222
338 107 3.12465
255 313 3.12707
335 78 3.12948
301 366 3.13187
180 197 3.13425
65 287 3.13661
191 176 3.13896
313 210 3.1413
333 307 3.14363
177 345 3.14595
342 400 3.13747
249 201 3.13978
336 135 3.14209
278 74 3.14439
233 262 3.14667
358 399 3.1383
225 86 3.14058
171 154 3.14286
289 260 3.14512
334 90 3.14737
327 158 3.14961
104 260 3.15183
159 143 3.15405
356 358 3.14583
282 365 3.14805
308 188 3.15026
270 387 3.15245
259 1 3.14433
212 330 3.14653
350 367 3.13846
150 200 3.14066
348 311 3.14286
36 102 3.14504
235 113 3.14721
261 185 3.14937
69 340 3.15152
37 394 3.14358
110 263 3.14573
326 370 3.13784
9 105 3.13
230 140 3.13217
400 235 3.12438
51 260 3.12655
170 250 3.12871
304 279 3.13086
123 246 3.133
153 279 3.13514
104 200 3.13725
217 392 3.13936
220 150 3.14146
239 364 3.14355
370 16 3.13592
334 200 3.13801
99 217 3.1401
268 15 3.14217
243 35 3.14423
356 172 3.14628
391 11 3.13876
334 166 3.14081
392 147 3.14286
218 206 3.14489
207 144 3.14692
198 93 3.14894
307 392 3.14151
174 387 3.14353
128 56 3.14554
178 149 3.14754
275 22 3.14953
142 375 3.15152
323 59 3.15349
73 196 3.15545
339 59 3.15741
243 300 3.15935
237 10 3.16129
144 24 3.16322
148 115 3.16514
346 326 3.16705
257 245 3.16895
332 368 3.16173
159 181 3.16364
359 385 3.15646
87 92 3.15837
397 181 3.16027
362 168 3.16216
173 276 3.16404
383 51 3.15695
195 110 3.15884
18 258 3.16071
204 158 3.16258
20 144 3.16444
203 4 3.1663
46 254 3.16814
85 157 3.16998
393 68 3.163
358 56 3.15604
232 231 3.15789
36 177 3.15974
124 56 3.16157
249 394 3.15468
151 60 3.15652
284 279 3.15835
33 148 3.16017
174 212 3.16199
156 384 3.16379
124 383 3.16559
241 288 3.16738
31 235 3.16916
299 29 3.17094
252 193 3.17271
194 168 3.17447
29 203 3.17622
240 283 3.17797
366 251 3.1797
27 222 3.18143
106 20 3.17474
280 332 3.17647
71 40 3.16981
77 321 3.17155
295 372 3.17328
287 178 3.175
379 306 3.1684
278 20 3.17012
81 330 3.17184
293 174 3.17355
191 331 3.17526
117 40 3.17695
191 271 3.17864
307 163 3.18033
13 389 3.17382
147 126 3.17551
96 93 3.17719
200 306 3.17886
228 187 3.18053
90 148 3.18219
371 129 3.18384
384 63 3.17742
383 24 3.17103
319 85 3.17269
130 113 3.17435
10 242 3.176
45 97 3.17764
176 311 3.17928
259 382 3.18091
341 114 3.18254
90 286 3.18416
91 79 3.18577
256 324 3.18738
298 245 3.18898
80 392 3.18271
187 169 3.18431
330 226 3.18591
40 369 3.17969
32 115 3.18129
192 203 3.18288
254 160 3.18447
267 351 3.18605
46 233 3.18762
79 273 3.18919
5 114 3.18304
126 195 3.18462
202 144 3.18618
153 342 3.18774
192 266 3.18929
301 321 3.19084
69 265 3.19238
232 92 3.19392
315 357 3.19545
43 378 3.18939
54 321 3.19093
101 120 3.19245
188 48 3.19397
123 98 3.19549
287 389 3.18949
399 351 3.18352
328 309 3.18505
167 296 3.18657
290 160 3.18808
71 3 3.18216
135 242 3.18367
74 192 3.18519
383 81 3.1793
143 265 3.18081
384 269 3.18232
138 74 3.18382
359 234 3.18532
325 334 3.18681
267 4 3.18099
283 203 3.18248
177 215 3.18397
382 310 3.17818
204 192 3.17967
7 99 3.17391
135 362 3.17541
340 38 3.16968
212 105 3.17117
112 344 3.17266
20 74 3.16697
21 213 3.16846
21 216 3.16995
310 98 3.17143
346 259 3.17291
246 281 3.17438
275 13 3.16874
127 74 3.17021
204 100 3.17168
15 147 3.17314
126 133 3.1746
280 50 3.17606
372 84 3.17047
360 374 3.16491
114 388 3.15937
218 343 3.16084
169 260 3.1623
242 111 3.16376
45 337 3.15826
176 308 3.15972
327 254 3.16118
42 5 3.15571
63 314 3.15717
32 81 3.15172
244 59 3.15318
54 160 3.15464
16 255 3.15609
285 80 3.15753
239 232 3.15897
110 85 3.16041
307 327 3.16184
95 330 3.16327
18 256 3.16469
173 310 3.1661
120 383 3.16751
135 277 3.16892
192 157 3.17032
351 142 3.17172
121 108 3.17311
18 244 3.1745
41 107 3.17588
304 314 3.17726
214 256 3.17863
17 322 3.17333
213 276 3.17471
40 69 3.16944
345 336 3.17081
188 202 3.17219
285 49 3.17355
1 198 3.17492
99 194 3.17628
216 67 3.17763
300 232 3.17898
61 392 3.17377
140 145 3.17512
307 208 3.17647
4 235 3.17781
144 48 3.17915
128 289 3.18049
391 304 3.17532
228 82 3.17666
110 287 3.17799
79 259 3.17932
91 117 3.18065
255 353 3.18196
336 133 3.18328
43 219 3.18459
155 239 3.1859
52 264 3.1872
110 368 3.1885
372 36 3.18341
185 148 3.18471
76 1 3.17965
193 124 3.18095
294 99 3.18225
177 391 3.18354
288 40 3.18483
196 348 3.18612
30 316 3.1811
133 190 3.18239
382 200 3.18367
269 264 3.18495
198 115 3.18623
203 127 3.1875
215 157 3.18877
143 88 3.19003
169 212 3.19129
12 251 3.19255
177 112 3.1938
352 292 3.19505
82 211 3.19629
239 287 3.19753
323 35 3.1926
213 387 3.19385
349 320 3.19508
38 358 3.19018
384 256 3.19142
30 310 3.18654
260 305 3.18779
9 51 3.18293
168 384 3.18417
164 302 3.18541
37 255 3.18665
247 123 3.18788
243 341 3.18911
389 381 3.18429
86 186 3.18552
320 3 3.18072
288 17 3.17594
84 34 3.17117
386 81 3.16642
234 321 3.16766
45 373 3.16293
160 62 3.16418
32 85 3.15946
166 64 3.16071
115 270 3.16196
374 221 3.1632
53 213 3.16444
216 351 3.16568
29 185 3.16691
23 287 3.16814
322 276 3.16937
104 229 3.17059
141 28 3.17181
381 115 3.17302
205 314 3.17423
329 76 3.17544
393 140 3.1708
121 204 3.17201
382 137 3.17322
336 282 3.17442
279 75 3.17562
19 66 3.17101
63 190 3.17221
296 262 3.17341
318 144 3.1746
243 116 3.17579
387 147 3.17698
314 181 3.17816
119 36 3.17934
378 292 3.17479
306 251 3.17597
10 380 3.17143
265 370 3.17261
324 12 3.16809
93 329 3.16927
120 301 3.17045
163 112 3.17163
317 392 3.16714
107 174 3.16832
266 196 3.16949
52 227 3.17066
325 167 3.17183
77 149 3.173
344 219 3.17416
52 101 3.17532
271 66 3.17647
331 142 3.17762
309 186 3.17877
232 146 3.17992
305 51 3.18106
233 218 3.1822
135 271 3.18333
172 324 3.18447
85 66 3.1856
30 253 3.18672
100 389 3.18232
217 192 3.18345
322 150 3.18457
20 347 3.18019
43 199 3.18132
366 131 3.18244
99 204 3.18356
226 103 3.18468
65 248 3.18579
329 206 3.1869
383 169 3.18801
139 331 3.18912
174 146 3.19022
365 190 3.19132
343 214 3.19241
6 183 3.1935
22 200 3.19459
307 81 3.19568
35 303 3.19677
203 309 3.19785
252 171 3.19892
354 107 3.2
376 174 3.20107
364 169 3.20214
53 61 3.19786
105 286 3.19893
174 0 3.19467
12 12 3.19041
360 374 3.18617
24 226 3.18725
249 263 3.18833
207 34 3.1894
131 237 3.19048
168 159 3.19155
284 202 3.19261
361 252 3.19368
177 278 3.19474
226 378 3.1958
56 92 3.19685
119 369 3.1979
99 149 3.19895
266 226 3.2
297 83 3.20104
233 370 3.20209
187 333 3.20313
301 241 3.20416
353 147 3.20519
214 87 3.20623
140 10 3.20725
216 130 3.20828
302 60 3.2093
288 318 3.21032
26 349 3.20619
65 344 3.20721
212 356 3.20823
307 318 3.20924
338 130 3.21026
270 379 3.21127
180 114 3.21228
73 313 3.21328
111 184 3.21429
365 302 3.21529
236 343 3.21628
15 387 3.2122
123 187 3.2132
371 363 3.20913
301 288 3.21013
134 74 3.21113
364 125 3.21212
89 94 3.21311
47 168 3.21411
114 319 3.21509
31 15 3.21106
389 183 3.21205
172 302 3.21303
12 55 3.20901
78 3 3.205
295 196 3.20599
52 224 3.20698
385 121 3.20299
69 298 3.20398
124 140 3.20497
282 77 3.20596
192 147 3.20694
204 121 3.20792
231 162 3.2089
257 369 3.20988
5 137 3.20592
200 234 3.2069
379 230 3.20787
264 374 3.20885
296 66 3.20982
381 84 3.20588
176 295 3.20685
158 370 3.20782
255 36 3.20879
64 219 3.20976
38 58 3.20585
347 31 3.20195
290 300 3.20292
119 67 3.20388
48 136 3.20485
13 142 3.20581
364 374 3.20193
66 256 3.2029
266 23 3.20386
74 339 3.20482
178 127 3.20578
161 176 3.20673
233 118 3.20768
107 28 3.20863
356 266 3.20958
158 380 3.21053
211 71 3.21147
297 133 3.21241
271 389 3.20858
395 397 3.20476
342 113 3.20571
135 166 3.20665
361 118 3.20759
175 330 3.20853
87 183 3.20947
172 273 3.2104
264 257 3.21133
261 16 3.21226
148 38 3.21319
367 124 3.21412
197 221 3.21504
53 202 3.21596
34 194 3.21688
155 13 3.2178
372 171 3.21871
57 369 3.21495
220 194 3.21587
180 216 3.21678
304 145 3.21769
229 338 3.2186
383 361 3.21487
10 295 3.21114
119 289 3.21205
372 82 3.20833
37 141 3.20925
18 121 3.21016
12 103 3.20646
26 363 3.20276
352 46 3.19908
75 218 3.2
116 214 3.20092
99 138 3.20183
111 90 3.20275
387 159 3.20366
79 167 3.20457
370 337 3.20091
229 33 3.20182
71 297 3.20273
181 27 3.20364
283 75 3.20455
84 126 3.20545
144 181 3.20635
318 228 3.20725
233 264 3.20814
205 11 3.20904
321 134 3.20993
191 343 3.21082
388 230 3.21171
366 195 3.2126
200 25 3.21348
166 296 3.21437
190 163 3.21525
28 186 3.21613
172 270 3.217
124 239 3.21788
317 216 3.21875
158 124 3.21962
117 35 3.22049
182 62 3.22136
104 374 3.22222
200 272 3.22309
5 71 3.21951
278 117 3.22038
234 1 3.21681
182 391 3.21768
371 39 3.21413
107 83 3.21499
152 329 3.21586
354 82 3.21672
378 37 3.21319
130 239 3.21405
67 59 3.21491
273 353 3.21577
207 276 3.21663
348 71 3.21749
41 145 3.21834
333 123 3.21919
191 358 3.22004
270 260 3.22089
254 392 3.22174
336 262 3.22258
212 192 3.22343
290 3 3.21993
322 194 3.22078
159 125 3.22162
237 295 3.22246
198 67 3.2233
290 369 3.22414
377 230 3.22497
271 174 3.22581
56 10 3.22234
190 313 3.22318
83 369 3.21972
154 192 3.22056
181 170 3.22139
293 216 3.22222
295 1 3.21878
383 224 3.21962
370 363 3.21619
64 71 3.21702
376 207 3.21785
275 300 3.21868
81 263 3.21951
370 55 3.2161
20 346 3.2127
326 81 3.21353
207 100 3.21436
291 268 3.21519
368 389 3.2118
168 40 3.21263
132 224 3.21346
60 119 3.21429
172 325 3.21511
163 27 3.21593
323 196 3.21675
68 350 3.21757
74 101 3.21839
281 157 3.21921
378 260 3.22002
153 86 3.22083
391 150 3.22164
116 358 3.22245
137 271 3.22326
218 189 3.22407
273 359 3.22487
285 160 3.22567
334 301 3.22647
138 268 3.22727
124 120 3.22807
220 165 3.22887
227 287 3.22966
357 235 3.23045
65 66 3.23124
253 70 3.23203
120 350 3.23282
39 266 3.23361
360 53 3.2303
14 26 3.22699
131 346 3.22778
304 141 3.22857
205 284 3.22936
163 238 3.23014
76 298 3.23093
207 123 3.23171
334 14 3.22843
65 119 3.22921
236 272 3.22999
393 358 3.22672
202 33 3.2275
315 0 3.22424
305 101 3.22503
259 354 3.22581
41 46 3.22256
338 299 3.22334
340 214 3.22412
107 150 3.2249
306 370 3.22166
199 183 3.22244
164 28 3.22322
136 385 3.224
371 292 3.22478
190 209 3.22555
204 74 3.22632
63 13 3.22311
90 187 3.22388
238 201 3.22465
86 196 3.22542
68 35 3.22222
182 214 3.22299
93 110 3.22376
99 213 3.22453
372 31 3.22134
255 37 3.22211
379 398 3.21893
290 178 3.2197
206 142 3.22047
387 195 3.22124
316 38 3.222
352 219 3.22277
271 22 3.22353
152 352 3.22429
92 270 3.22505
116 268 3.22581
40 314 3.22656
387 320 3.22341
340 139 3.22417
82 131 3.22493
65 176 3.22568
126 30 3.22643
98 102 3.22718
82 170 3.22793
146 116 3.22868
195 161 3.22943
241 118 3.23017
116 221 3.23092
199 204 3.23166
8 185 3.2324
348 191 3.23314
156 106 3.23388
93 173 3.23462
336 88 3.23535
13 344 3.23225
364 163 3.23298
379 64 3.22989
144 297 3.23062
159 321 3.23136
5 121 3.22827
278 70 3.22901
168 148 3.22974
9 177 3.23048
64 120 3.23121
65 260 3.23194
394 19 3.22887
244 28 3.2296
199 86 3.23033
300 259 3.23106
6 31 3.228
119 49 3.22873
348 393 3.22568
98 63 3.22642
322 300 3.22714
264 286 3.22787
263 33 3.2286
344 324 3.22932
197 137 3.23005
299 259 3.23077
34 310 3.23149
250 389 3.23221
290 379 3.22919
170 234 3.22991
218 326 3.23063
132 27 3.23134
117 2 3.22833
139 5 3.22533
139 230 3.22605
371 226 3.22677
58 57 3.22377
211 38 3.22449
142 396 3.2215
377 310 3.21852
331 197 3.21924
24 384 3.21627
119 144 3.21699
257 174 3.21771
45 255 3.21843
232 116 3.21915
24 70 3.21619
146 97 3.21691
212 280 3.21763
185 275 3.21835
176 6 3.21907
238 40 3.21978
303 315 3.22049
48 21 3.21755
249 220 3.21826
170 240 3.21898
199 218 3.21969
290 270 3.2204
398 223 3.22111
214 281 3.22182
230 171 3.22252
231 352 3.22323
48 109 3.22393
382 283 3.22101
63 34 3.2181
134 329 3.21881
226 229 3.21951
321 316 3.22022
365 276 3.22092
394 42 3.21802
30 122 3.21872
228 358 3.21942
293 125 3.22013
379 280 3.22083
4 168 3.22152
249 273 3.22222
369 219 3.22292
296 111 3.22361
241 254 3.22431
156 272 3.225
297 246 3.22569
322 297 3.22638
256 327 3.22707
105 296 3.22776
150 235 3.22844
319 310 3.22913
224 65 3.22981
55 225 3.2305
93 48 3.23118
142 18 3.23186
41 393 3.229
325 241 3.22968
195 249 3.23036
271 394 3.22751
47 109 3.22819
377 400 3.22535
375 272 3.22603
394 77 3.2232
181 37 3.22388
87 181 3.22456
243 37 3.22524
29 207 3.22592
377 63 3.2231
141 70 3.22378
356 226 3.22445
153 230 3.22513
149 45 3.22581
325 258 3.22648
28 345 3.22367
167 282 3.22435
106 379 3.22155
74 38 3.21875
358 71 3.21596
144 21 3.21664
261 388 3.21732
391 205 3.21799
251 363 3.21867
215 187 3.21934
98 400 3.21657
172 389 3.21724
92 19 3.21447
275 102 3.21515
56 337 3.21582
243 89 3.21649
262 81 3.21717
342 59 3.21441
201 96 3.21508
74 91 3.21575
211 130 3.21642
371 246 3.21709
400 114 3.21435
235 129 3.21502
275 149 3.21569
92 89 3.21635
248 370 3.21702
82 154 3.21769
257 159 3.21835
379 4 3.21562
109 388 3.21289
29 164 3.21356
253 116 3.21423
285 374 3.21489
39 275 3.21555
59 34 3.21284
1 258 3.21013
282 1 3.20742
349 340 3.20472
17 387 3.20202
86 27 3.19933
391 356 3.19664
165 314 3.19731
373 148 3.19799
394 336 3.19531
157 297 3.19598
385 39 3.19331
169 50 3.19398
103 252 3.19465
204 142 3.19533
316 70 3.196
320 319 3.19667
277 234 3.19734
73 215 3.198
265 183 3.19867
244 198 3.19934
125 283 3.2
9 135 3.19735
222 194 3.19801
177 105 3.19868
327 189 3.19934
349 188 3.2
240 37 3.20066
333 315 3.20132
119 107 3.20198
154 60 3.20264
85 193 3.20329
315 158 3.20395
286 241 3.2046
320 260 3.20525
36 26 3.20263
213 275 3.20328
340 306 3.20393
121 50 3.20458
322 362 3.20196
303 243 3.20261
45 356 3.2
17 68 3.19739
33 271 3.19804
20 44 3.19544
196 211 3.19609
198 303 3.19675
22 88 3.19415
43 210 3.19481
159 360 3.19546
159 388 3.19611
55 90 3.19676
375 377 3.19417
55 161 3.19483
262 190 3.19548
260 116 3.19613
268 26 3.19677
152 219 3.19742
234 244 3.19807
330 52 3.19871
298 200 3.19936
390 375 3.19679
312 23 3.19422
4 325 3.19166
35 299 3.19231
58 143 3.19295
331 246 3.1936
314 25 3.19105
358 110 3.19169
136 166 3.19234
35 206 3.19298
148 311 3.19363
300 211 3.19427
190 336 3.19491
116 156 3.19555
194 3 3.19619
344 231 3.19683
156 294 3.19746
165 170 3.1981
324 103 3.19873
189 136 3.19937
257 144 3.2
311 377 3.19747
130 78 3.19811
48 202 3.19874
156 149 3.19937
39 104 3.2
236 245 3.20063
139 152 3.20126
158 186 3.20189
181 207 3.20251
116 362 3.20314
55 209 3.20376
66 142 3.20439
123 23 3.20501
241 199 3.20563
128 71 3.20625
313 209 3.20687
212 74 3.20749
191 233 3.20811
32 363 3.20561
21 362 3.20311
124 231 3.20373
353 96 3.20435
115 349 3.20497
270 21 3.20559
40 355 3.2031
276 252 3.20372
144 146 3.20433
178 301 3.20495
375 15 3.20247
282 133 3.20309
46 256 3.2037
274 80 3.20432
370 352 3.20185
243 12 3.20246
383 4 3.2
397 314 3.19754
162 284 3.19816
9 81 3.1957
374 203 3.19632
16 16 3.19387
93 95 3.19449
196 96 3.1951
220 145 3.19572
337 34 3.19328
304 49 3.19389
197 297 3.19451
385 62 3.19207
193 179 3.19269
343 274 3.1933
396 129 3.19087
211 340 3.19149
74 119 3.1921
394 48 3.18968
18 55 3.18726
4 323 3.18485
24 50 3.18244
296 39 3.18306
350 384 3.18065
394 165 3.18127
145 236 3.18189
120 218 3.1825
49 372 3.18011
111 196 3.18072
260 88 3.18134
104 394 3.17895
289 275 3.17956
15 303 3.17718
43 347 3.17479
360 65 3.17241
200 69 3.17303
312 224 3.17365
163 365 3.17427
378 319 3.1719
385 288 3.16953
270 199 3.17015
288 201 3.17077
364 170 3.17139
46 20 3.16902
78 96 3.16964
147 150 3.17026
37 165 3.17088
119 59 3.17149
277 134 3.17211
35 94 3.17272
26 364 3.17037
94 15 3.16802
99 203 3.16864
173 16 3.16925
315 145 3.16987
398 185 3.17048
326 133 3.17109
289 352 3.1717
80 301 3.17231
172 151 3.17292
221 78 3.17353
203 144 3.17414
168 38 3.17474
330 98 3.17535
79 264 3.17595
321 197 3.17656
123 302 3.17716
305 267 3.17776
346 385 3.17544
200 261 3.17604
199 384 3.17664
295 336 3.17724
310 282 3.17784
179 389 3.17844
97 141 3.17904
192 346 3.17964
189 31 3.18023
384 337 3.17792
374 263 3.17852
257 81 3.17912
283 190 3.17971
108 72 3.1803
52 251 3.1809
206 381 3.18149
19 282 3.18208
281 369 3.18267
234 396 3.18326
73 158 3.18385
18 39 3.18156
360 207 3.18215
77 186 3.18273
89 27 3.18045
62 320 3.18103
397 76 3.17875
197 356 3.17934
34 48 3.17706
40 233 3.17765
124 106 3.17824
140 85 3.17883
40 362 3.17655
165 320 3.17714
372 239 3.17773
39 399 3.17546
169 360 3.17605
287 67 3.17664
118 349 3.17722
162 62 3.17781
374 9 3.17555
194 386 3.17614
11 253 3.17672
286 226 3.1773
139 332 3.17789
254 44 3.17847
80 76 3.17905
298 289 3.17963
366 358 3.17739
186 94 3.17797
30 7 3.17572
119 248 3.1763
282 114 3.17689
154 150 3.17746
11 46 3.17523
86 105 3.17581
122 110 3.17639
295 119 3.17697
102 229 3.17754
45 138 3.17812
395 61 3.17589
267 238 3.17647
26 0 3.17425
328 260 3.17483
314 312 3.1754
339 374 3.17318
287 45 3.17376
380 372 3.17155
219 94 3.17213
133 16 3.1727
100 60 3.17328
59 7 3.17107
39 237 3.17165
364 109 3.17222
272 68 3.1728
304 335 3.17337
260 14 3.17394
59 113 3.17452
267 373 3.17509
97 288 3.17566
259 219 3.17623
234 379 3.1768
51 237 3.17736
106 5 3.17517
314 387 3.17298
377 269 3.17355
375 318 3.17137
328 308 3.17194
42 301 3.17251
347 194 3.17308
337 371 3.1709
295 153 3.17147
123 89 3.17204
197 194 3.1726
218 235 3.17317
320 153 3.17373
292 395 3.17157
17 80 3.1694
26 243 3.16997
308 147 3.17053
243 109 3.1711
348 222 3.17166
151 83 3.17223
160 234 3.17279
184 45 3.17335
136 98 3.17391
8 246 3.17447
303 308 3.17503
191 98 3.17559
187 221 3.17615
269 314 3.17671
19 139 3.17727
386 185 3.17782
14 112 3.17568
109 250 3.17623
8 131 3.17409
105 285 3.17465
246 152 3.1752
170 81 3.17576
375 55 3.17362
277 187 3.17418
125 368 3.17473
63 167 3.17529
278 85 3.17584
124 218 3.17639
55 382 3.17426
36 336 3.17214
110 112 3.17269
167 4 3.17324
118 162 3.1738
356 308 3.17435
392 176 3.1749
138 361 3.17545
31 27 3.17333
386 345 3.17122
243 267 3.17177
322 234 3.17232
353 212 3.17287
27 291 3.17342
329 118 3.17397
119 117 3.17452
116 352 3.17507
87 349 3.17561
62 229 3.17616
57 162 3.1767
240 96 3.17725
162 337 3.17779
226 204 3.17834
339 28 3.17624
352 39 3.17414
107 219 3.17469
256 74 3.17523
368 92 3.17577
30 71 3.17368
258 117 3.17423
137 102 3.17477
47 337 3.17269
38 377 3.1706
113 120 3.17115
28 319 3.16907
75 101 3.16961
22 49 3.16754
211 253 3.16808
275 87 3.16863
267 240 3.16917
381 186 3.16971
18 290 3.16765
204 334 3.16819
384 73 3.16612
375 116 3.16667
270 164 3.16721
44 252 3.16775
25 353 3.16569
91 223 3.16623
118 348 3.16677
243 241 3.16732
183 191 3.16785
169 228 3.16839
62 96 3.16893
109 28 3.16947
251 36 3.17001
50 345 3.16796
380 153 3.1685
315 139 3.16903
31 232 3.16957
349 285 3.1701
173 194 3.17064
400 237 3.1686
93 385 3.16656
261 275 3.1671
386 245 3.16763
17 3 3.1656
77 253 3.16613
281 296 3.16667
204 95 3.1672
143 114 3.16773
348 207 3.16827
97 52 3.1688
265 180 3.16933
58 341 3.16731
96 73 3.16784
93 120 3.16837
53 2 3.16635
357 290 3.16688
169 311 3.16741
258 17 3.16794
175 80 3.16847
129 363 3.169
364 264 3.16952
228 146 3.17005
249 136 3.17058
100 163 3.1711
125 7 3.16909
76 378 3.16709
245 31 3.16762
38 264 3.16814
324 315 3.16867
59 183 3.16919
346 226 3.16972
202 213 3.17024
3 155 3.16824
169 305 3.16877
290 259 3.16929
41 137 3.16981
79 84 3.17033
399 249 3.16834
83 335 3.16886
277 24 3.16939
133 211 3.16991
32 306 3.17043
154 302 3.17095
106 203 3.17146
189 116 3.17198
294 397 3.17
148 31 3.17052
42 308 3.17104
364 388 3.16906
343 30 3.16708
201 128 3.1676
268 182 3.16812
327 3 3.16615
362 320 3.16418
143 104 3.1647
285 322 3.16522
46 371 3.16325
354 384 3.16129
181 306 3.16181
305 328 3.16233
294 60 3.16285
95 2 3.16089
247 323 3.16141
393 360 3.15946
80 25 3.1575
391 293 3.15556
239 359 3.15608
158 88 3.1566
157 163 3.15712
141 159 3.15764
238 349 3.15815
383 209 3.15867
369 348 3.15673
139 15 3.15725
372 325 3.15531
133 197 3.15583
319 10 3.15389
279 365 3.15441
338 349 3.15248
224 326 3.153
267 350 3.15352
40 222 3.15403
288 355 3.15455
111 173 3.15507
373 83 3.15314
304 397 3.15122
169 219 3.15174
30 28 3.14982
255 217 3.15033
359 205 3.15085
291 336 3.15137
6 187 3.15188
357 91 3.1524
170 289 3.15291
14 185 3.15343
295 132 3.15394
342 263 3.15445
37 88 3.15496
226 51 3.15547
177 179 3.15599
297 36 3.1565
300 12 3.15459
74 217 3.1551
210 294 3.15561
318 339 3.15612
276 27 3.15663
283 205 3.15713
302 142 3.15764
223 8 3.15815
365 196 3.15865
226 170 3.15916
65 168 3.15966
326 322 3.16017
233 122 3.16067
339 231 3.16117
217 92 3.16168
23 51 3.15978
324 63 3.16029
100 330 3.16079
75 391 3.1589
14 231 3.1594
272 168 3.1599
230 45 3.16041
66 21 3.15852
74 190 3.15902
181 309 3.15952
120 394 3.15764
46 338 3.15577
377 151 3.15627
208 219 3.15677
32 357 3.1549
170 328 3.1554
302 136 3.1559
221 297 3.1564
179 253 3.1569
119 347 3.1574
195 362 3.15789
63 394 3.15603
349 86 3.15653
222 182 3.15702
221 387 3.15752
362 40 3.15566
339 281 3.15616
144 113 3.15665
61 306 3.15715
331 103 3.15765
